% -------------------------------------------------------------------
%  Generated by MATLAB on 12-Dec-2020 00:11:22
%  MATLAB version: 9.7.0.1319299 (R2019b) Update 5
% -------------------------------------------------------------------
                                          

spk_mns = cell(1, 496);
spk_mns{1} = [119.85000000011868 171.60000000008085 403.77499999986969 ...
              449.89999999982774];
spk_mns{2} = [124.55000000011975 174.50000000007822 222.72500000003436 ...
              315.07499999995036 360.64999999990891 406.27499999986742 ...
              451.94999999982588];
spk_mns{3} = [122.25000000011923 172.22500000008029 219.90000000003693 ...
              266.39999999999463 312.42499999995277 358.27499999991107 ...
              404.17499999986933 450.89999999982683];
spk_mns{4} = [181.80000000007158 228.600000000029 276.74999999998522];
spk_mns{5} = [];
spk_mns{6} = [];
spk_mns{7} = [120.90000000011892 171.57500000008088 218.8250000000379 265.57499999999538 ...
              311.34999999995375 357.32499999991194 403.04999999987035 ...
              449.34999999982824];
spk_mns{8} = [124.47500000011973 174.22500000007847 222.10000000003492 ...
              268.29999999999291 314.22499999995114 359.99999999990951 ...
              405.69999999986794 451.64999999982615];
spk_mns{9} = [119.65000000011864 170.95000000008145 218.62500000003809 ...
              265.29999999999563 310.79999999995425 357.22499999991203 ...
              402.92499999987047 449.44999999982815];
spk_mns{10} = [123.50000000011951 173.30000000007931 220.45000000003643 ...
               266.82499999999425 312.84999999995239 358.39999999991096 ...
               404.32499999986919 450.699999999827];
spk_mns{11} = [121.17500000011898 171.72500000008074 219.20000000003756 ...
               265.82499999999516 311.59999999995352 357.57499999991171 ...
               403.24999999987017 449.74999999982788];
spk_mns{12} = [125.60000000011999 175.37500000007742 222.30000000003474 ...
               268.69999999999254 314.69999999995071 360.47499999990907 ...
               406.14999999986753 452.4749999998254];
spk_mns{13} = [175.80000000007703 223.52500000003363 315.87499999994964 ...
               361.69999999990796 409.32499999986464];
spk_mns{14} = [118.45000000011837 170.17500000008215 218.17500000003849 ...
               265.02499999999588 310.84999999995421 356.89999999991232 ...
               402.62499999987074 448.79999999982874];
spk_mns{15} = [123.60000000011954 173.27500000007933 220.40000000003647 ...
               266.8749999999942 313.02499999995223 358.72499999991066 ...
               404.24999999986926 450.62499999982708];
spk_mns{16} = [123.47500000011951 173.22500000007938 220.57500000003631 ...
               267.54999999999359 313.07499999995218 358.74999999991064 ...
               404.22499999986928 450.62499999982708];
spk_mns{17} = [];
spk_mns{18} = [123.52500000011952 173.25000000007935 220.42500000003645 ...
               267.29999999999382 312.9499999999523 358.77499999991062 ...
               404.27499999986924 450.64999999982706];
spk_mns{19} = [121.45000000011905 171.82500000008065 219.30000000003747 ...
               265.64999999999532 311.72499999995341 357.59999999991169 ...
               403.62499999986983 449.99999999982765];
spk_mns{20} = [121.87500000011914 172.02500000008047 219.27500000003749 ...
               265.87499999999511 311.64999999995348 357.64999999991164 ...
               403.44999999987 449.74999999982788];
spk_mns{21} = [121.95000000011916 172.07500000008042 219.42500000003736 ...
               265.7749999999952 311.87499999995327 357.59999999991169 ...
               403.49999999986994 449.92499999982772];
spk_mns{22} = [120.22500000011877 171.35000000008108 219.0500000000377 ...
               265.94999999999504 311.6249999999535 357.52499999991176 ...
               403.17499999987024 449.37499999982822];
spk_mns{23} = [123.05000000011941 172.95000000007963 220.12500000003672 ...
               266.69999999999436 312.92499999995232 358.67499999991071 ...
               404.22499999986928 450.59999999982711];
spk_mns{24} = [121.30000000011901 171.77500000008069 219.20000000003756 ...
               266.24999999999477 311.97499999995318 357.94999999991137 ...
               403.22499999987019 449.49999999982811];
spk_mns{25} = [113.42500000011722 169.40000000008285 217.57500000003904 ...
               310.5249999999545 356.0499999999131 401.97499999987133 448.37499999982913 ...
               ];
spk_mns{26} = [122.47500000011928 172.75000000007981 220.17500000003668 ...
               266.62499999999443 312.52499999995268 358.32499999991103 ...
               403.94999999986953 450.24999999982742];
spk_mns{27} = [115.42500000011768 168.87500000008333 216.55000000003997 ...
               309.74999999995521 356.02499999991312 402.19999999987112 ...
               448.64999999982888];
spk_mns{28} = [120.67500000011887 171.425000000081 218.95000000003779 265.27499999999566 ...
               311.39999999995371 357.34999999991192 403.22499999987019 ...
               449.57499999982804];
spk_mns{29} = [123.40000000011949 172.82500000007974 220.17500000003668 ...
               266.42499999999461 312.92499999995232 358.52499999991085 ...
               404.4249999998691 450.79999999982692];
spk_mns{30} = [122.32500000011925 172.87500000007969 220.12500000003672 ...
               268.27499999999293 312.97499999995227 359.49999999990996 ...
               405.44999999986817 451.94999999982588];
spk_mns{31} = [123.22500000011945 173.22500000007938 221.12500000003581 ...
               268.224999999993 313.69999999995161 359.62499999990985 404.74999999986881 ...
               450.8249999998269];
spk_mns{32} = [120.40000000011881 171.95000000008054 219.6000000000372 ...
               266.72499999999434 312.199999999953 358.19999999991114 404.12499999986937 ...
               450.54999999982715];
spk_mns{33} = [120.57500000011885 171.50000000008095 219.02500000003772 ...
               265.29999999999563 311.49999999995362 357.64999999991164 ...
               403.3249999998701 449.7249999998279];
spk_mns{34} = [124.35000000011971 173.92500000007874 221.5750000000354 ...
               268.69999999999254 314.02499999995132 359.69999999990978 ...
               405.07499999986851 451.49999999982629];
spk_mns{35} = [120.97500000011894 449.9499999998277];
spk_mns{36} = [125.75000000012002 175.1750000000776 222.70000000003438 ...
               268.92499999999234 314.89999999995052 360.72499999990885 ...
               406.3999999998673 452.82499999982508];
spk_mns{37} = [123.97500000011962 173.7500000000789 221.10000000003583 ...
               267.59999999999354 313.37499999995191 359.17499999991026 ...
               404.72499999986883 451.07499999982667];
spk_mns{38} = [122.37500000011926 172.47500000008006 220.30000000003656 ...
               266.52499999999452 312.62499999995259 358.374999999911 403.99999999986949 ...
               450.17499999982749];
spk_mns{39} = [112.85000000011709 448.39999999982911];
spk_mns{40} = [124.72500000011979 174.77500000007797 224.0000000000332 ...
               270.64999999999077 316.64999999994893 362.57499999990716 ...
               407.57499999986624 452.54999999982533];
spk_mns{41} = [120.60000000011885 171.5500000000809 218.8250000000379 265.84999999999513 ...
               311.59999999995352 357.52499999991176 403.04999999987035 ...
               449.1749999998284];
spk_mns{42} = [122.95000000011939 172.90000000007967 220.20000000003665 ...
               266.92499999999416 313.02499999995223 358.87499999991053 ...
               404.44999999986908 450.64999999982706];
